   <varray name="hessian" >
    <v>      -0.03401211      -0.00000056       0.00000000       0.02198549       0.00000000       0.00000000       0.01040107       0.00000076       0.00000000      -0.00045853      -0.00000034       0.00000000       0.00194600      -0.00000096       0.00000000      -0.00003132       0.00000026       0.00000000 </v>
    <v>      -0.00000056      -0.03401211       0.00000000       0.00000000       0.02198549       0.00000000      -0.00000034      -0.00045853       0.00000000       0.00000076       0.01040107      -0.00000000       0.00000026      -0.00003132      -0.00000000      -0.00000096       0.00194600       0.00000000 </v>
    <v>       0.00000000       0.00000000      -0.03849295       0.00000000       0.00000000      -0.00154302       0.00000000       0.00000000       0.01362303       0.00000000       0.00000000       0.01362303       0.00000000       0.00000000       0.00468014       0.00000000       0.00000000       0.00468014 </v>
    <v>       0.02198549       0.00000000       0.00000000      -0.03401211       0.00000056       0.00000000      -0.00045853       0.00000034       0.00000000       0.01040107      -0.00000076       0.00000000      -0.00003132      -0.00000026       0.00000000       0.00194600       0.00000096      -0.00000000 </v>
    <v>       0.00000000       0.02198549       0.00000000       0.00000056      -0.03401211       0.00000000      -0.00000076       0.01040107      -0.00000000       0.00000034      -0.00045853       0.00000000       0.00000096       0.00194600       0.00000000      -0.00000026      -0.00003132       0.00000000 </v>
    <v>       0.00000000       0.00000000      -0.00154302       0.00000000       0.00000000      -0.03849295       0.00000000       0.00000000       0.01362303       0.00000000       0.00000000       0.01362303       0.00000000       0.00000000       0.00468014       0.00000000       0.00000000       0.00468014 </v>
    <v>       0.01040107      -0.00000034       0.00000000      -0.00045853      -0.00000076       0.00000000      -0.03676373       0.00000000       0.00000000       0.00086748      -0.00000089      -0.00000000       0.00144193      -0.00000031       0.00000000       0.02698099       0.00000000       0.00000000 </v>
    <v>       0.00000076      -0.00045853       0.00000000       0.00000034       0.01040107       0.00000000       0.00000000      -0.03676373       0.00000000       0.00000089       0.00086748       0.00000000       0.00000031       0.00144193      -0.00000000      -0.00000000       0.02698099       0.00000000 </v>
    <v>       0.00000000       0.00000000       0.01362303       0.00000000      -0.00000000       0.01362303       0.00000000       0.00000000      -0.04345551       0.00000000       0.00000000       0.00250930      -0.00000000       0.00000000       0.00574383      -0.00000000       0.00000000       0.01229673 </v>
    <v>      -0.00045853       0.00000076       0.00000000       0.01040107       0.00000034       0.00000000       0.00086748       0.00000089       0.00000000      -0.03676373       0.00000000       0.00000000       0.02698099      -0.00000000       0.00000000       0.00144193       0.00000031       0.00000000 </v>
    <v>      -0.00000034       0.01040107       0.00000000      -0.00000076      -0.00045853       0.00000000      -0.00000089       0.00086748       0.00000000       0.00000000      -0.03676373       0.00000000       0.00000000       0.02698099      -0.00000000      -0.00000031       0.00144193      -0.00000000 </v>
    <v>       0.00000000      -0.00000000       0.01362303       0.00000000       0.00000000       0.01362303      -0.00000000       0.00000000       0.00250930       0.00000000       0.00000000      -0.04345551       0.00000000       0.00000000       0.01229673       0.00000000       0.00000000       0.00574383 </v>
    <v>       0.00194600       0.00000026       0.00000000      -0.00003132       0.00000096       0.00000000       0.00144193       0.00000031      -0.00000000       0.02698099       0.00000000       0.00000000      -0.03929110       0.00000000       0.00000000       0.00659454       0.00000090       0.00000000 </v>
    <v>      -0.00000096      -0.00003132       0.00000000      -0.00000026       0.00194600       0.00000000      -0.00000031       0.00144193       0.00000000      -0.00000000       0.02698099       0.00000000       0.00000000      -0.03929110       0.00000000      -0.00000090       0.00659454       0.00000000 </v>
    <v>       0.00000000      -0.00000000       0.00468014       0.00000000       0.00000000       0.00468014       0.00000000      -0.00000000       0.00574383       0.00000000      -0.00000000       0.01229673       0.00000000       0.00000000      -0.03355001       0.00000000      -0.00000000       0.00478059 </v>
    <v>      -0.00003132      -0.00000096       0.00000000       0.00194600      -0.00000026       0.00000000       0.02698099      -0.00000000      -0.00000000       0.00144193      -0.00000031       0.00000000       0.00659454      -0.00000090       0.00000000      -0.03929110       0.00000000       0.00000000 </v>
    <v>       0.00000026       0.00194600       0.00000000       0.00000096      -0.00003132       0.00000000       0.00000000       0.02698099       0.00000000       0.00000031       0.00144193       0.00000000       0.00000090       0.00659454      -0.00000000       0.00000000      -0.03929110      -0.00000000 </v>
    <v>       0.00000000       0.00000000       0.00468014      -0.00000000       0.00000000       0.00468014       0.00000000       0.00000000       0.01229673       0.00000000      -0.00000000       0.00574383       0.00000000       0.00000000       0.00478059       0.00000000      -0.00000000      -0.03355001 </v>
   </varray>
