# Tetrahedron method
        0.0000000000        0.0000368624        0.0000368625        0.0000439898        0.0000439898        0.0000367378        0.0000367378
        0.0100000000        0.0000549529        0.0000549531        0.0000656064        0.0000656064        0.0000548072        0.0000548072
        0.0200000000        0.0000766355        0.0000766357        0.0000915300        0.0000915300        0.0000764859        0.0000764859
        0.0300000000        0.0001021365        0.0001021367        0.0001220322        0.0001220322        0.0001020012        0.0001020012
        0.0400000000        0.0001339378        0.0001339381        0.0001600428        0.0001600428        0.0001337820        0.0001337820
        0.0500000000        0.0001727789        0.0001727791        0.0002064447        0.0002064447        0.0001725660        0.0001725660
        0.0600000000        0.0002186497        0.0002186499        0.0002612393        0.0002612393        0.0002183619        0.0002183619
        0.0700000000        0.0002715403        0.0002715405        0.0003244280        0.0003244280        0.0002711783        0.0002711783
        0.0800000000        0.0003314409        0.0003314410        0.0003960121        0.0003960121        0.0003310238        0.0003310238
        0.0900000000        0.0003999608        0.0003999608        0.0004780008        0.0004780008        0.0003996248        0.0003996248
        0.1000000000        0.0004822386        0.0004822386        0.0005766294        0.0005766294        0.0004822436        0.0004822436
        0.1100000000        0.0005866195        0.0005866194        0.0007016423        0.0007016423        0.0005868920        0.0005868920
        0.1200000000        0.0007144323        0.0007144322        0.0008544940        0.0008544940        0.0007147133        0.0007147133
        0.1300000000        0.0009103493        0.0009103492        0.0010899679        0.0010899679        0.0009122906        0.0009122906
        0.1400000000        0.0011580766        0.0011580766        0.0013853910        0.0013853910        0.0011589411        0.0011589411
        0.1500000000        0.0014082411        0.0014082413        0.0016839242        0.0016839242        0.0014082963        0.0014082963
        0.1600000000        0.0017312044        0.0017312047        0.0020677444        0.0020677444        0.0017280006        0.0017280006
        0.1700000000        0.0020082292        0.0020082292        0.0023964715        0.0023964715        0.0020014901        0.0020014901
        0.1800000000        0.0022788858        0.0022788856        0.0027173972        0.0027173972        0.0022683317        0.0022683317
        0.1900000000        0.0025654714        0.0025654713        0.0030575591        0.0030575591        0.0025513639        0.0025513639
        0.2000000000        0.0028435797        0.0028435798        0.0033882775        0.0033882775        0.0028268933        0.0028268933
        0.2100000000        0.0031231185        0.0031231188        0.0037212870        0.0037212870        0.0031046305        0.0031046305
        0.2200000000        0.0034374177        0.0034374181        0.0040953557        0.0040953557        0.0034163841        0.0034163841
        0.2300000000        0.0037468374        0.0037468378        0.0044630074        0.0044630074        0.0037224600        0.0037224600
        0.2400000000        0.0040687566        0.0040687570        0.0048455108        0.0048455108        0.0040409434        0.0040409434
        0.2500000000        0.0044139897        0.0044139901        0.0052557008        0.0052557008        0.0043825142        0.0043825142
        0.2600000000        0.0047910080        0.0047910082        0.0057035272        0.0057035272        0.0047553291        0.0047553291
        0.2700000000        0.0051910418        0.0051910419        0.0061779505        0.0061779505        0.0051497619        0.0051497619
        0.2800000000        0.0055945645        0.0055945645        0.0066556579        0.0066556579        0.0055464224        0.0055464224
        0.2900000000        0.0060072546        0.0060072545        0.0071439890        0.0071439890        0.0059517737        0.0059517737
        0.3000000000        0.0064357642        0.0064357641        0.0076510287        0.0076510287        0.0063727137        0.0063727137
        0.3100000000        0.0068627149        0.0068627148        0.0081548209        0.0081548209        0.0067900768        0.0067900768
        0.3200000000        0.0073385003        0.0073385007        0.0087161326        0.0087161326        0.0072548751        0.0072548751
        0.3300000000        0.0078444578        0.0078444597        0.0093131972        0.0093131972        0.0077494226        0.0077494226
        0.3400000000        0.0083630683        0.0083630716        0.0099254211        0.0099254211        0.0082567574        0.0082567574
        0.3500000000        0.0089131628        0.0089131668        0.0105739431        0.0105739431        0.0087939380        0.0087939380
        0.3600000000        0.0094696933        0.0094696960        0.0112291872        0.0112291872        0.0093360784        0.0093360784
        0.3700000000        0.0100128968        0.0100128985        0.0118684267        0.0118684267        0.0098644638        0.0098644638
        0.3800000000        0.0105661766        0.0105661776        0.0125189748        0.0125189748        0.0104018797        0.0104018797
        0.3900000000        0.0111389658        0.0111389666        0.0131925799        0.0131925799        0.0109586639        0.0109586639
        0.4000000000        0.0117288445        0.0117288453        0.0138867262        0.0138867262        0.0115328426        0.0115328426
        0.4100000000        0.0123329165        0.0123329177        0.0145967401        0.0145967401        0.0121194546        0.0121194546
        0.4200000000        0.0129479369        0.0129479387        0.0153182611        0.0153182611        0.0127144250        0.0127144250
        0.4300000000        0.0135880162        0.0135880196        0.0160669104        0.0160669104        0.0133306226        0.0133306226
        0.4400000000        0.0142468755        0.0142468784        0.0168348819        0.0168348819        0.0139616357        0.0139616357
        0.4500000000        0.0149068634        0.0149068642        0.0176030610        0.0176030610        0.0145921060        0.0145921060
        0.4600000000        0.0155960763        0.0155960753        0.0184056623        0.0184056623        0.0152506653        0.0152506653
        0.4700000000        0.0163462838        0.0163462815        0.0192807994        0.0192807994        0.0159695877        0.0159695877
        0.4800000000        0.0171073268        0.0171073236        0.0201672144        0.0201672144        0.0166971731        0.0166971731
        0.4900000000        0.0178750768        0.0178750731        0.0210596681        0.0210596681        0.0174290102        0.0174290102
        0.5000000000        0.0186612224        0.0186612187        0.0219721726        0.0219721726        0.0181764619        0.0181764619
        0.5100000000        0.0194604010        0.0194603974        0.0228988497        0.0228988497        0.0189345727        0.0189345727
        0.5200000000        0.0202633210        0.0202633174        0.0238286728        0.0238286728        0.0196943237        0.0196943237
        0.5300000000        0.0210503658        0.0210503640        0.0247379587        0.0247379587        0.0204360896        0.0204360896
        0.5400000000        0.0218698449        0.0218698448        0.0256827620        0.0256827620        0.0212063237        0.0212063237
        0.5500000000        0.0227400021        0.0227400037        0.0266853909        0.0266853909        0.0220233570        0.0220233570
        0.5600000000        0.0237268729        0.0237268744        0.0278206672        0.0278206672        0.0229480146        0.0229480146
        0.5700000000        0.0246679707        0.0246679718        0.0289028840        0.0289028840        0.0238289735        0.0238289735
        0.5800000000        0.0255755900        0.0255755908        0.0299454072        0.0299454072        0.0246771457        0.0246771457
        0.5900000000        0.0264570190        0.0264570197        0.0309554585        0.0309554585        0.0254976127        0.0254976127
        0.6000000000        0.0273705911        0.0273705918        0.0320005006        0.0320005006        0.0263448398        0.0263448398
        0.6100000000        0.0283197277        0.0283197286        0.0330857140        0.0330857140        0.0272237150        0.0272237150
        0.6200000000        0.0292974746        0.0292974757        0.0342025584        0.0342025584        0.0281280537        0.0281280537
        0.6300000000        0.0302732265        0.0302732281        0.0353127877        0.0353127877        0.0290248280        0.0290248280
        0.6400000000        0.0313537936        0.0313537954        0.0365369041        0.0365369041        0.0300117390        0.0300117390
        0.6500000000        0.0324867671        0.0324867675        0.0378220561        0.0378220561        0.0310483744        0.0310483744
        0.6600000000        0.0336430890        0.0336430884        0.0391312112        0.0391312112        0.0321022976        0.0321022976
        0.6700000000        0.0347951240        0.0347951227        0.0404297459        0.0404297459        0.0331449294        0.0331449294
        0.6800000000        0.0359369557        0.0359369540        0.0417106494        0.0417106494        0.0341702012        0.0341702012
        0.6900000000        0.0370931812        0.0370931794        0.0430040905        0.0430040905        0.0352032746        0.0352032746
        0.7000000000        0.0383042173        0.0383042157        0.0443580475        0.0443580475        0.0362834793        0.0362834793
        0.7100000000        0.0395326756        0.0395326742        0.0457297806        0.0457297806        0.0373773278        0.0373773278
        0.7200000000        0.0407355822        0.0407355809        0.0470681028        0.0470681028        0.0384428363        0.0384428363
        0.7300000000        0.0419048254        0.0419048256        0.0483650202        0.0483650202        0.0394732838        0.0394732838
        0.7400000000        0.0431363538        0.0431363567        0.0497289759        0.0497289759        0.0405561217        0.0405561217
        0.7500000000        0.0444304538        0.0444304592        0.0511604960        0.0511604960        0.0416910102        0.0416910102
        0.7600000000        0.0458062133        0.0458062195        0.0526770825        0.0526770825        0.0428930880        0.0428930880
        0.7700000000        0.0471794574        0.0471794620        0.0541857653        0.0541857653        0.0440867114        0.0440867114
        0.7800000000        0.0485477494        0.0485477529        0.0556840094        0.0556840094        0.0452689468        0.0452689468
        0.7900000000        0.0499465648        0.0499465676        0.0572114596        0.0572114596        0.0464706860        0.0464706860
        0.8000000000        0.0513666683        0.0513666708        0.0587567009        0.0587567009        0.0476832501        0.0476832501
        0.8100000000        0.0527848828        0.0527848855        0.0602906769        0.0602906769        0.0488835050        0.0488835050
        0.8200000000        0.0542352424        0.0542352457        0.0618529766        0.0618529766        0.0501029236        0.0501029236
        0.8300000000        0.0557692643        0.0557692688        0.0635036694        0.0635036694        0.0513911253        0.0513911253
        0.8400000000        0.0574532091        0.0574532137        0.0653133213        0.0653133213        0.0528033075        0.0528033075
        0.8500000000        0.0590939904        0.0590939912        0.0670640236        0.0670640236        0.0541638257        0.0541638257
        0.8600000000        0.0607536989        0.0607536968        0.0688246071        0.0688246071        0.0555289608        0.0555289608
        0.8700000000        0.0624277482        0.0624277440        0.0705911258        0.0705911258        0.0568947914        0.0568947914
        0.8800000000        0.0641247790        0.0641247735        0.0723702679        0.0723702679        0.0582636984        0.0582636984
        0.8900000000        0.0658401287        0.0658401228        0.0741556046        0.0741556046        0.0596308956        0.0596308956
        0.9000000000        0.0675604424        0.0675604364        0.0759292100        0.0759292100        0.0609837135        0.0609837135
        0.9100000000        0.0693254290        0.0693254228        0.0777386596        0.0777386596        0.0623623013        0.0623623013
        0.9200000000        0.0711293564        0.0711293496        0.0795737373        0.0795737373        0.0637547392        0.0637547392
        0.9300000000        0.0729509803        0.0729509744        0.0814058028        0.0814058028        0.0651351312        0.0651351312
        0.9400000000        0.0748705220        0.0748705183        0.0833088645        0.0833088645        0.0665600382        0.0665600382
        0.9500000000        0.0768174830        0.0768174815        0.0852052601        0.0852052601        0.0679689909        0.0679689909
        0.9600000000        0.0789062423        0.0789062422        0.0872161303        0.0872161303        0.0694568288        0.0694568288
        0.9700000000        0.0811153720        0.0811153845        0.0893084930        0.0893084930        0.0709911778        0.0709911778
        0.9800000000        0.0836276815        0.0836277998        0.0915778056        0.0915778056        0.0726201961        0.0726201961
        0.9900000000        0.0863169537        0.0863170793        0.0937880411        0.0937880411        0.0741436660        0.0741436660
        1.0000000000        0.0892065847        0.0892067786        0.0959771117        0.0959771117        0.0755956152        0.0755956152
        1.0100000000        0.0918837979        0.0918836320        0.0979304165        0.0979304165        0.0768727144        0.0768727144
        1.0200000000        0.0934305915        0.0934306863        0.0992225433        0.0992225433        0.0778033714        0.0778033714
        1.0300000000        0.0951973880        0.0951972702        0.1009530918        0.1009530918        0.0791017880        0.0791017880
        1.0400000000        0.0970085121        0.0970085316        0.1036314782        0.1036314782        0.0812959526        0.0812959526
        1.0500000000        0.0991122704        0.0991125453        0.1061855151        0.1061855151        0.0832934296        0.0832934296
        1.0600000000        0.1013311100        0.1013313940        0.1087641282        0.1087641282        0.0852791103        0.0852791103
        1.0700000000        0.1035602317        0.1035605511        0.1113016426        0.1113016426        0.0872174766        0.0872174766
        1.0800000000        0.1058541882        0.1058540802        0.1137162197        0.1137162197        0.0890188357        0.0890188357
        1.0900000000        0.1081814788        0.1081810790        0.1160851579        0.1160851579        0.0907681305        0.0907681305
        1.1000000000        0.1104475994        0.1104472260        0.1184367983        0.1184367983        0.0925131935        0.0925131935
        1.1100000000        0.1127290733        0.1127290144        0.1209008487        0.1209008487        0.0943566541        0.0943566541
        1.1200000000        0.1151515872        0.1151517770        0.1235524103        0.1235524103        0.0963416524        0.0963416524
        1.1300000000        0.1176796662        0.1176798192        0.1261659637        0.1261659637        0.0982632442        0.0982632442
        1.1400000000        0.1201718231        0.1201720139        0.1287002505        0.1287002505        0.1001135304        0.1001135304
        1.1500000000        0.1227311501        0.1227314201        0.1313282245        0.1313282245        0.1020324079        0.1020324079
        1.1600000000        0.1255122371        0.1255122970        0.1342054349        0.1342054349        0.1041422438        0.1041422438
        1.1700000000        0.1281710782        0.1281708949        0.1370428318        0.1370428318        0.1062392571        0.1062392571
        1.1800000000        0.1308245572        0.1308242759        0.1399137259        0.1399137259        0.1083639133        0.1083639133
        1.1900000000        0.1335345492        0.1335342421        0.1428199218        0.1428199218        0.1105015499        0.1105015499
        1.2000000000        0.1362602670        0.1362600789        0.1456770206        0.1456770206        0.1125793233        0.1125793233
        1.2100000000        0.1391023910        0.1391024169        0.1485971368        0.1485971368        0.1146829049        0.1146829049
        1.2200000000        0.1420163669        0.1420164798        0.1515850002        0.1515850002        0.1168299883        0.1168299883
        1.2300000000        0.1449195239        0.1449196023        0.1546085626        0.1546085626        0.1190082814        0.1190082814
        1.2400000000        0.1477573039        0.1477573796        0.1576375160        0.1576375160        0.1211999426        0.1211999426
        1.2500000000        0.1509144258        0.1509145328        0.1611195931        0.1611195931        0.1237335263        0.1237335263
        1.2600000000        0.1544176120        0.1544176815        0.1648819520        0.1648819520        0.1265001490        0.1265001490
        1.2700000000        0.1577766756        0.1577766445        0.1683049597        0.1683049597        0.1290071314        0.1290071314
        1.2800000000        0.1602289744        0.1602288769        0.1706689241        0.1706689241        0.1306544317        0.1306544317
        1.2900000000        0.1626758505        0.1626757261        0.1731092324        0.1731092324        0.1323304664        0.1323304664
        1.3000000000        0.1658811832        0.1658810433        0.1766921769        0.1766921769        0.1348618588        0.1348618588
        1.3100000000        0.1689743517        0.1689742535        0.1800756915        0.1800756915        0.1372414101        0.1372414101
        1.3200000000        0.1721059345        0.1721059514        0.1835060855        0.1835060855        0.1396302480        0.1396302480
        1.3300000000        0.1755250023        0.1755251064        0.1871993754        0.1871993754        0.1422157128        0.1422157128
        1.3400000000        0.1790388845        0.1790389658        0.1910166631        0.1910166631        0.1448984258        0.1448984258
        1.3500000000        0.1827554687        0.1827555304        0.1950486859        0.1950486859        0.1477453931        0.1477453931
        1.3600000000        0.1862234608        0.1862235331        0.1987722939        0.1987722939        0.1503322809        0.1503322809
        1.3700000000        0.1899364038        0.1899364962        0.2027612677        0.2027612677        0.1531014472        0.1531014472
        1.3800000000        0.1935168615        0.1935169067        0.2065789997        0.2065789997        0.1557260553        0.1557260553
        1.3900000000        0.1970022582        0.1970022203        0.2103126384        0.2103126384        0.1582826789        0.1582826789
        1.4000000000        0.2006342750        0.2006341793        0.2142652178        0.2142652178        0.1609886041        0.1609886041
        1.4100000000        0.2044926987        0.2044925711        0.2185194790        0.2185194790        0.1639053294        0.1639053294
        1.4200000000        0.2082600510        0.2082599072        0.2226270760        0.2226270760        0.1667011338        0.1667011338
        1.4300000000        0.2119846787        0.2119845230        0.2267243019        0.2267243019        0.1694744618        0.1694744618
        1.4400000000        0.2159375434        0.2159374418        0.2310962339        0.2310962339        0.1724294809        0.1724294809
        1.4500000000        0.2199231981        0.2199231486        0.2355067211        0.2355067211        0.1753961391        0.1753961391
        1.4600000000        0.2241479621        0.2241479465        0.2401100129        0.2401100129        0.1784622573        0.1784622573
        1.4700000000        0.2283396754        0.2283396676        0.2448254424        0.2448254424        0.1816128470        0.1816128470
        1.4800000000        0.2325008361        0.2325008349        0.2494594933        0.2494594933        0.1846685562        0.1846685562
        1.4900000000        0.2368462916        0.2368462959        0.2542588740        0.2542588740        0.1878152665        0.1878152665
        1.5000000000        0.2412703516        0.2412703592        0.2591815155        0.2591815155        0.1910405946        0.1910405946
        1.5100000000        0.2458295481        0.2458295572        0.2643021463        0.2643021463        0.1943863390        0.1943863390
        1.5200000000        0.2504645991        0.2504646106        0.2695567276        0.2695567276        0.1978033049        0.1978033049
        1.5300000000        0.2553714618        0.2553714715        0.2750907252        0.2750907252        0.2013891170        0.2013891170
        1.5400000000        0.2600842761        0.2600842850        0.2805047002        0.2805047002        0.2048626496        0.2048626496
        1.5500000000        0.2648094420        0.2648094568        0.2859474534        0.2859474534        0.2083116420        0.2083116420
        1.5600000000        0.2694642001        0.2694642279        0.2914005252        0.2914005252        0.2117424318        0.2117424318
        1.5700000000        0.2744745321        0.2744745845        0.2971934685        0.2971934685        0.2153442790        0.2153442790
        1.5800000000        0.2798406937        0.2798407665        0.3033288456        0.3033288456        0.2191171118        0.2191171118
        1.5900000000        0.2853436772        0.2853437506        0.3096567876        0.3096567876        0.2229501519        0.2229501519
        1.6000000000        0.2908631439        0.2908631870        0.3163348559        0.3163348559        0.2269880634        0.2269880634
        1.6100000000        0.2964531239        0.2964531621        0.3231809297        0.3231809297        0.2310875928        0.2310875928
        1.6200000000        0.3033527844        0.3033528257        0.3312221180        0.3312221180        0.2357065124        0.2357065124
        1.6300000000        0.3110219775        0.3110220132        0.3402132589        0.3402132589        0.2407376052        0.2407376052
        1.6400000000        0.3163122583        0.3163122691        0.3474412801        0.3474412801        0.2449832908        0.2449832908
        1.6500000000        0.3209258478        0.3209258248        0.3545189013        0.3545189013        0.2492351300        0.2492351300
        1.6600000000        0.3256967672        0.3256967190        0.3621422646        0.3621422646        0.2537609183        0.2537609183
        1.6700000000        0.3302145370        0.3302144750        0.3698414078        0.3698414078        0.2583004307        0.2583004307
        1.6800000000        0.3352609160        0.3352608402        0.3792592418        0.3792592418        0.2638217198        0.2638217198
        1.6900000000        0.3400934967        0.3400934219        0.3897906792        0.3897906792        0.2699854360        0.2699854360
        1.7000000000        0.3456046329        0.3456046178        0.4062210737        0.4062210737        0.2795746736        0.2795746736
        1.7100000000        0.3504352243        0.3504352878        0.4156259422        0.4156259422        0.2848836726        0.2848836726
        1.7200000000        0.3549872541        0.3549872832        0.4209207725        0.4209207725        0.2877379284        0.2877379284
        1.7300000000        0.3591838342        0.3591838830        0.4237461839        0.4237461839        0.2891587979        0.2891587979
        1.7400000000        0.3638310056        0.3638310464        0.4282615026        0.4282615026        0.2915487974        0.2915487974
        1.7500000000        0.3685166921        0.3685167404        0.4317472161        0.4317472161        0.2933218037        0.2933218037
        1.7600000000        0.3732728035        0.3732728510        0.4359346171        0.4359346171        0.2955189148        0.2955189148
        1.7700000000        0.3779752806        0.3779753034        0.4404633336        0.4404633336        0.2979034867        0.2979034867
        1.7800000000        0.3826893353        0.3826893185        0.4443146928        0.4443146928        0.2998367712        0.2998367712
        1.7900000000        0.3875850286        0.3875849762        0.4481408899        0.4481408899        0.3017146163        0.3017146163
        1.8000000000        0.3926971749        0.3926971026        0.4525354152        0.4525354152        0.3038893883        0.3038893883
        1.8100000000        0.3980001007        0.3980000109        0.4569438756        0.4569438756        0.3060436425        0.3060436425
        1.8200000000        0.4031786594        0.4031785549        0.4609463036        0.4609463036        0.3079506802        0.3079506802
        1.8300000000        0.4084943520        0.4084942640        0.4651718101        0.4651718101        0.3099474446        0.3099474446
        1.8400000000        0.4139168794        0.4139168102        0.4693756329        0.4693756329        0.3119081373        0.3119081373
        1.8500000000        0.4194623317        0.4194622814        0.4738014874        0.4738014874        0.3139439124        0.3139439124
        1.8600000000        0.4253527112        0.4253526771        0.4785673505        0.4785673505        0.3161809842        0.3161809842
        1.8700000000        0.4311601959        0.4311601730        0.4830496783        0.4830496783        0.3182093204        0.3182093204
        1.8800000000        0.4368063548        0.4368063385        0.4874324925        0.4874324925        0.3201350584        0.3201350584
        1.8900000000        0.4427451295        0.4427451201        0.4919836832        0.4919836832        0.3221362544        0.3221362544
        1.9000000000        0.4490080725        0.4490080788        0.4970893986        0.4970893986        0.3244177958        0.3244177958
        1.9100000000        0.4552100419        0.4552100530        0.5020076416        0.5020076416        0.3265593004        0.3265593004
        1.9200000000        0.4614601730        0.4614601961        0.5068361070        0.5068361070        0.3286255497        0.3286255497
        1.9300000000        0.4679219988        0.4679220388        0.5119154333        0.5119154333        0.3307858244        0.3307858244
        1.9400000000        0.4744365444        0.4744365640        0.5171562055        0.5171562055        0.3330409079        0.3330409079
        1.9500000000        0.4809320075        0.4809320245        0.5222712160        0.5222712160        0.3352201741        0.3352201741
        1.9600000000        0.4879654666        0.4879654750        0.5276263164        0.5276263164        0.3374334989        0.3374334989
        1.9700000000        0.4950768710        0.4950768670        0.5359210370        0.5359210370        0.3454943515        0.3454943515
        1.9800000000        0.5025633362        0.5025633377        0.5443385625        0.5443385625        0.3533520188        0.3533520188
        1.9900000000        0.5096402316        0.5096402335        0.5509212721        0.5509212721        0.3579402604        0.3579402604
        2.0000000000        0.5169317780        0.5169317791        0.5576772688        0.5576772688        0.3625463240        0.3625463240
        2.0100000000        0.5249469410        0.5249469411        0.5649209078        0.5649209078        0.3675007662        0.3675007662
        2.0200000000        0.5573137642        0.5573135778        0.5761818662        0.5761818662        0.3804554987        0.3804554987
        2.0300000000        0.5846456399        0.5846459514        0.5872377577        0.5872377577        0.3917545962        0.3917545962
        2.0400000000        0.6075456219        0.6075456219        0.5980087800        0.5980087800        0.4016724930        0.4016724930
        2.0500000000        0.6285724882        0.6285725004        0.6089395207        0.6089395207        0.4108870051        0.4108870051
        2.0600000000        0.6484708466        0.6484707710        0.6196568023        0.6196568023        0.4198527954        0.4198527954
        2.0700000000        0.6671503031        0.6671502516        0.6302947758        0.6302947758        0.4284712923        0.4284712923
        2.0800000000        0.6871732794        0.6871732362        0.6416500600        0.6416500600        0.4374411280        0.4374411280
        2.0900000000        0.7069722918        0.7069724128        0.6535242504        0.6535242504        0.4463600694        0.4463600694
        2.1000000000        0.7267182316        0.7267183257        0.6657673752        0.6657673752        0.4551546831        0.4551546831
        2.1100000000        0.7468993727        0.7468993955        0.6783345380        0.6783345380        0.4644156509        0.4644156509
        2.1200000000        0.7662080869        0.7662080966        0.6909795981        0.6909795981        0.4736834517        0.4736834517
        2.1300000000        0.7853549396        0.7853549124        0.7041203650        0.7041203650        0.4829980108        0.4829980108
        2.1400000000        0.8055531557        0.8055530991        0.7178418405        0.7178418405        0.4927496106        0.4927496106
        2.1500000000        0.8273909990        0.8273909041        0.7329235463        0.7329235463        0.5031070120        0.5031070120
        2.1600000000        0.8497811773        0.8497811156        0.7479325008        0.7479325008        0.5135498764        0.5135498764
        2.1700000000        0.8728166444        0.8728166083        0.7642861370        0.7642861370        0.5244088830        0.5244088830
        2.1800000000        0.8961525966        0.8961525952        0.7809337911        0.7809337911        0.5354496147        0.5354496147
        2.1900000000        0.9221897626        0.9221898415        0.7993361624        0.7993361624        0.5474219768        0.5474219768
        2.2000000000        0.9494870409        0.9494871559        0.8185576658        0.8185576658        0.5595950435        0.5595950435
        2.2100000000        0.9790287899        0.9790288022        0.8398311759        0.8398311759        0.5738095777        0.5738095777
        2.2200000000        1.0123497070        1.0123496575        0.8641926318        0.8641926318        0.5913728673        0.5913728673
        2.2300000000        1.0366918625        1.0367148749        0.8824591191        0.8825107950        0.6013719759        0.6013740024
        2.2400000000        1.0706824908        1.0708923046        0.9071946018        0.9073498619        0.6166539814        0.6166600460
        2.2500000000        1.1159989024        1.1162841807        0.9402415463        0.9403425276        0.6377342400        0.6377373389
        2.2600000000        1.1779852561        1.1777546665        0.9851665793        0.9856010465        0.6686960390        0.6687063052
        2.2700000000        1.2071840599        1.2070393623        1.0095823250        1.0101819559        0.6774314057        0.6774446491
        2.2800000000        1.2339998067        1.2341638883        1.0340241093        1.0339023734        0.6849190208        0.6849195051
        2.2900000000        1.2645550706        1.2651681730        1.0618715959        1.0609091514        0.6920231023        0.6920095498
        2.3000000000        1.3005688094        1.3029424905        1.0939275195        1.0927134523        0.7000466154        0.7000325407
        2.3100000000        1.2974358694        1.3162993150        1.1039287835        1.1021401990        0.7044564893        0.7044506836
        2.3200000000        1.3273484578        1.3151065772        1.1227560091        1.1192493480        0.7153334714        0.7148606427
        2.3300000000        1.3495414307        1.3380145377        1.1451923141        1.1494658214        0.7277210236        0.7269198831
        2.3400000000        1.3798223520        1.3727281195        1.1770090979        1.1878519897        0.7394083219        0.7395883270
        2.3500000000        1.4227435050        1.4254700925        1.2251219154        1.2329849056        0.7495313705        0.7496586585
        2.3600000000        1.5385532667        1.5390757916        1.3340841472        1.3357713486        0.7586161017        0.7609179684
        2.3700000000        1.6154395363        1.6161092667        1.4207896980        1.4159939271        0.7703314065        0.7712663699
        2.3800000000        1.6634360830        1.6649176434        1.4662614161        1.4638857884        0.7791761564        0.7807684067
        2.3900000000        1.7303101488        1.7277154896        1.4987050161        1.4986575624        0.7890965158        0.7920315121
        2.4000000000        1.7339830758        1.7230619842        1.5002199480        1.4979654450        0.7882171313        0.7908947743
        2.4100000000        1.6523127664        1.6467613937        1.4141197091        1.4102158573        0.7874067105        0.7879609194
        2.4200000000        1.5963263198        1.6030361669        1.3503296727        1.3486992001        0.7898352661        0.7889448534
        2.4300000000        1.5730268884        1.5808365006        1.3166432845        1.3167205403        0.7941753618        0.7925493860
        2.4400000000        1.5608498544        1.5663203392        1.2940730385        1.2956933466        0.8002213787        0.7986106956
        2.4500000000        1.5548399382        1.5591024148        1.2789046220        1.2795357738        0.8066984321        0.8054666298
        2.4600000000        1.5561028569        1.5560856792        1.2698174151        1.2677340043        0.8146756326        0.8134934854
        2.4700000000        1.5614656571        1.5527739733        1.2622419163        1.2568504737        0.8237485976        0.8218136660
        2.4800000000        1.5712516635        1.5617890071        1.2578521650        1.2525023161        0.8346864602        0.8322886746
        2.4900000000        1.6305373741        1.6303960432        1.2726197177        1.2696188962        0.8624469422        0.8603660728
        2.5000000000        1.6730091866        1.6811719164        1.2750076584        1.2754604543        0.8741808698        0.8727522447
        2.5100000000        1.6427518958        1.6490680501        1.2627922178        1.2650747690        0.8782507708        0.8779337231
        2.5200000000        1.6291689662        1.6262871492        1.2617151226        1.2615497617        0.8853321384        0.8846294422
        2.5300000000        1.6079814597        1.5990816266        1.2557958914        1.2532951672        0.8911064470        0.8893088414
        2.5400000000        1.5891254680        1.5813876869        1.2505834088        1.2477598177        0.8982387701        0.8955980936
        2.5500000000        1.5837511652        1.5805490107        1.2485225046        1.2493201336        0.9086101587        0.9061674155
        2.5600000000        1.6237283250        1.6228438524        1.2610968368        1.2628064810        0.9273767292        0.9268700851
        2.5700000000        1.7200662538        1.7202047555        1.3017445979        1.3043329142        0.9740799942        0.9764443649
        2.5800000000        1.8003158615        1.8042740006        1.3137063507        1.3158384496        0.9898013658        0.9942326354
        2.5900000000        2.0648065703        2.0678877771        1.3137990776        1.3121552182        0.9884896112        0.9922671905
        2.6000000000        2.0282164480        2.0326681065        1.3445093703        1.3431027890        1.0062850893        1.0088574327
        2.6100000000        1.9491608070        1.9548042707        1.2907962181        1.2936788174        0.9854101228        0.9875965714
        2.6200000000        1.8769879046        1.8806466480        1.2576572638        1.2645864376        0.9839487393        0.9866389789
        2.6300000000        1.8817765259        1.8808121158        1.2705408816        1.2764003332        1.0092474423        1.0120164495
        2.6400000000        1.9492134747        1.9470743797        1.3492886590        1.3498169571        1.0766746066        1.0796640887
        2.6500000000        1.9806600640        1.9813463527        1.3510945051        1.3484611841        1.1049136654        1.1070098844
        2.6600000000        2.0673706321        2.0692073052        1.3522438726        1.3495803353        1.1257217099        1.1235580322
        2.6700000000        2.2853187074        2.2898146215        1.3648266435        1.3620657110        1.1495648680        1.1400192712
        2.6800000000        2.4134376876        2.4214729135        1.3468285854        1.3465164247        1.1744640119        1.1630569474
        2.6900000000        2.5280981885        2.5340007487        1.3740673383        1.3722851290        1.2431117574        1.2320310988
        2.7000000000        2.7771315628        2.7844748926        1.4511828091        1.4583574871        1.3148383928        1.3328278977
        2.7100000000        2.9996953475        3.0105818256        1.5142663125        1.5166578940        1.4433220604        1.4415560915
        2.7200000000        3.9384822249        3.7961510934        1.6718900903        1.6714204251        1.7926327575        1.8059065524
        2.7300000000        4.6073903141        4.7507674698        1.6933585432        1.6870385563        1.7627236159        1.7625848210
        2.7400000000        2.6890817015        2.6959472846        1.5401530961        1.5420598940        1.6893159500        1.7292310396
        2.7500000000        0.7759368028        0.7769185714        0.8722155081        0.8719195592        1.4879769156        1.4863534534
        2.7600000000        0.7687380304        0.7686240381        0.8388047013        0.8377804236        1.4745504729        1.4597157109
        2.7700000000        0.8373081951        0.8399842753        0.8675608234        0.8677646940        1.5429021448        1.5373978934
        2.7800000000        0.8878785140        0.8886722286        0.8832995541        0.8850868521        1.6055502067        1.6168384068
        2.7900000000        0.9356834992        0.9342449072        0.9610112548        0.9620034805        1.6961977149        1.7032378556
        2.8000000000        0.9412560909        0.9372991381        0.9903610719        0.9898082096        1.7324256798        1.7287444260
        2.8100000000        0.9516121192        0.9469872852        1.0129707148        1.0119817196        1.7635937220        1.7582182127
        2.8200000000        0.9752659850        0.9717522761        1.0345901173        1.0334758731        1.7663023539        1.7615926983
        2.8300000000        1.0398746648        1.0392721736        1.1216864432        1.1196822811        1.6974699564        1.6933030733
        2.8400000000        1.0977189725        1.0998369242        1.1976487195        1.1957795577        1.7715594284        1.7714731900
        2.8500000000        1.1143781925        1.1143372824        1.4439671341        1.4417374063        1.9168774922        1.9070718564
        2.8600000000        1.2372894363        1.2411393331        1.5282485780        1.5327878513        1.8807872510        1.8887466894
        2.8700000000        1.4029497140        1.4031108038        1.7788131215        1.7872958200        1.9955360838        1.9983537818
        2.8800000000        1.4477860239        1.4509825653        2.2363350894        2.1775190477        2.0409807822        2.0352470332
        2.8900000000        1.7365655006        1.7365576401        3.1482881533        3.2751555791        2.1951224041        2.2009222533
        2.9000000000        2.1053628603        2.1076271998        3.9301857204        3.9446935554        2.4194127760        2.4250533773
        2.9100000000        2.2105646164        2.2143205619        2.6942792436        2.7055644949        2.2548402227        2.2585521103
        2.9200000000        2.7170581762        2.7122826191        2.5691875268        2.5701431835        2.8379376410        2.8330496651
        2.9300000000        3.1438599085        3.1376081134        2.3705630264        2.3707225493        2.4489831459        2.4477976265
        2.9400000000        3.3592084363        3.3572083199        1.6113906367        1.6113017772        2.4284367447        2.4323420262
        2.9500000000        8.9146567480        8.9191690042        1.3310584021        1.3397400445        2.3245143685        2.3287945387
        2.9600000000        5.7572023005        5.7605650621        1.2855908822        1.2825225032        2.6006252558        2.6047931736
        2.9700000000        4.4650990114        4.4802670952        1.2097870954        1.2188787800        2.7100118488        2.7113282920
        2.9800000000        3.8859638162        3.8856157511        1.1049947720        1.1004141278        2.7963111861        2.7900644704
        2.9900000000        3.5511944452        3.5448990033        0.9776211322        0.9786194719        2.8951780397        2.9028154224
        3.0000000000        4.0411566501        4.0423393779        0.9488956513        0.9531177419        3.0785451299        3.0956362955
        3.0100000000        4.3885384566        4.3843113020        0.8968012782        0.9130217505        3.3766431630        3.4085779061
        3.0200000000        4.8195455828        4.8003504908        0.8585339178        0.8599145861        3.7060142562        3.6869698562
        3.0300000000        4.8658362729        4.8570382349        0.8049159150        0.7944726055        3.8884424594        3.8632267707
        3.0400000000        4.8053793601        4.7648287848        0.6867382301        0.6726333119        3.3663615591        3.3337506459
        3.0500000000        2.3079886450        2.3077486830        0.6281580096        0.6225857771        3.4540729167        3.4068343741
        3.0600000000        2.0010292862        2.0014103865        0.5129720327        0.5093303061        3.0381343015        2.9804700506
        3.0700000000        1.8361085043        1.8362604541        0.4400863114        0.4422996935        2.9613165612        2.9589974949
        3.0800000000        1.7054063766        1.7056270582        0.3636274987        0.3690068445        3.1990682460        3.2721439308
        3.0900000000        1.5480736941        1.5495287013        0.6872265149        0.7041379194       15.7102067164       15.9555916012
        3.1000000000        1.5073232828        1.5078657121        0.7081474907        0.7156599907        8.0667661832        8.1321520767
        3.1100000000        1.4144211286        1.4140404585        0.7066449715        0.6936520813        4.9263067921        4.8897713396
        3.1200000000        1.3894470491        1.3887021257        0.7704361779        0.7715022854        4.2671622866        4.2684713977
        3.1300000000        1.3787605458        1.3774254738        0.8132582990        0.8170282960        3.7802178142        3.7965447083
        3.1400000000        1.3798962775        1.3765393753        0.8329232243        0.8293796511        3.3621192390        3.3656642471
        3.1500000000        1.3196702333        1.3170275413        0.8556820324        0.8511220472        2.9746512345        2.9730275542
        3.1600000000        1.2905297228        1.2860018675        0.8870094313        0.8815545311        2.6993867905        2.6952459334
        3.1700000000        1.2752417139        1.2709229005        0.9199453334        0.9170113714        2.4839934698        2.4807258439
        3.1800000000        1.2608813630        1.2659769642        0.9475908636        0.9587635254        2.3129946714        2.3145458322
        3.1900000000        1.2607306136        1.2677732816        0.9855614341        1.0073760528        2.1567029980        2.1626528024
        3.2000000000        1.2672120266        1.2723260957        1.0347480992        1.0483457133        1.9620944347        1.9661979254
        3.2100000000        1.2867937247        1.2825177226        1.1010813525        1.1039330414        1.6426129965        1.6427977164
        3.2200000000        1.3596558721        1.3574130037        1.2828493238        1.2518383135        1.6347797126        1.6311440463
        3.2300000000        1.3342489455        1.3408076991        1.2595393079        1.2128389056        1.5937562924        1.5880285589
        3.2400000000        1.2824606562        1.2846350448        1.1642926156        1.1388155315        1.5499663726        1.5477434405
        3.2500000000        1.2356343997        1.2382614322        1.0745243542        1.0922938627        1.5151264851        1.5180256482
        3.2600000000        1.2082701200        1.2080730440        1.0377421134        1.0617195327        1.4833480802        1.4884182555
        3.2700000000        1.1887581958        1.1888695819        1.0177449767        1.0294769039        1.4529993923        1.4552802907
        3.2800000000        1.1707972986        1.1705434547        1.0051095980        1.0094622526        1.4260426675        1.4267172973
        3.2900000000        1.1564513770        1.1564696150        0.9950537258        0.9962963257        1.4026271262        1.4027185658
        3.3000000000        1.1419360330        1.1418481853        0.9872900285        0.9864989084        1.3776893016        1.3774123602
        3.3100000000        1.1340413213        1.1338911113        1.0858554080        1.0847974930        1.3617496008        1.3614196883
        3.3200000000        0.9824842661        0.9825994182        1.1248773038        1.1241152070        1.3037232605        1.3035014602
        3.3300000000        0.8610188495        0.8610433874        1.2017903941        1.2016637890        1.2644093481        1.2643710957
        3.3400000000        0.7752238003        0.7752237907        1.2979957260        1.2979957260        1.2426147161        1.2426147161
        3.3500000000        0.7020748136        0.7020748036        1.4427712686        1.4427712686        1.2318759561        1.2318759561
        3.3600000000        0.6391114077        0.6389787028        2.0620430092        2.0474966880        1.3210781568        1.3183074748
        3.3700000000        0.5776990998        0.5783333096        2.1797082987        2.1744301302        1.3109649517        1.3101620725
        3.3800000000        0.4941909831        0.4946519264        2.0970842199        2.1122809204        1.2515570599        1.2542813756
        3.3900000000        0.3486494189        0.3461229180        2.1058829596        2.0960311926        1.2069781327        1.2054976170
        3.4000000000        0.3734292393        0.3702589839        2.1469992987        2.1334608193        1.2107337021        1.2086285166
        3.4100000000        0.3995144585        0.3980661625        2.2319139370        2.2360354958        1.2129549003        1.2134785709
        3.4200000000        0.4224372054        0.4223552584        2.2959255645        2.3085603539        1.2197687611        1.2215229648
        3.4300000000        0.4389470175        0.4406682537        2.3050368978        2.3135752179        1.2252686864        1.2262102161
        3.4400000000        0.4567956782        0.4598836359        2.3209477441        2.3225268682        1.2375499683        1.2374082804
        3.4500000000        0.4795508216        0.4818076751        2.3527984345        2.3489315057        1.2527140937        1.2520686969
        3.4600000000        0.4807638277        0.4811525673        2.2990051231        2.2972436033        1.2184652399        1.2183407389
        3.4700000000        0.4899563429        0.4884669740        2.2826209627        2.2855905790        1.2066733249        1.2071457191
        3.4800000000        0.5031484102        0.5017728057        2.2509631566        2.2585370177        1.2092230406        1.2100205569
        3.4900000000        0.5189883628        0.5190070440        2.2525238025        2.2615969931        1.2182421254        1.2191557510
        3.5000000000        0.5545216720        0.5539326698        2.3069193952        2.3114779478        1.2478090361        1.2485312272
        3.5100000000        0.5434948793        0.5400115719        2.2806213378        2.2776851378        1.2477547544        1.2478582866
        3.5200000000        0.5544220569        0.5507423180        2.2840813610        2.2754744126        1.2578023307        1.2572390650
        3.5300000000        0.5668667966        0.5671199836        2.2915740104        2.2828635455        1.2450295814        1.2441512465
        3.5400000000        0.5818829017        0.5832975403        2.2989292365        2.2926215638        1.2383801305        1.2374373818
        3.5500000000        0.6002646441        0.5999807495        2.3129999111        2.3093783703        1.2440157165        1.2433263861
        3.5600000000        0.6189977569        0.6191784371        2.3293866730        2.3271670911        1.2535624182        1.2532036917
        3.5700000000        0.6398180609        0.6414199773        2.3565043138        2.3551789422        1.2801453812        1.2800188962
        3.5800000000        0.6447071641        0.6432318833        2.3649123116        2.3651529764        1.2891951676        1.2895882101
        3.5900000000        0.6120938595        0.6075243559        2.0725302128        2.0714757425        1.1694967315        1.1701860063
        3.6000000000        0.5898452076        0.5865004511        1.8826110760        1.8825031337        1.0805489376        1.0811731797
        3.6100000000        0.5973223374        0.5953130017        1.7895982646        1.7889864962        1.0396452480        1.0399228942
        3.6200000000        0.6100995027        0.6068693260        1.7068082253        1.7004091952        1.0009389875        1.0006035942
        3.6300000000        0.6026796480        0.5954326165        1.5107283673        1.5108266889        0.9155883559        0.9153398425
        3.6400000000        0.5885639927        0.5838766157        1.4565446090        1.4701565262        0.8919223968        0.8921939763
        3.6500000000        0.5819339611        0.5843374771        1.4342078479        1.4423816841        0.8797406028        0.8798307277
        3.6600000000        0.5765360658        0.5835951239        1.4121781994        1.4193304646        0.8683591913        0.8687581401
        3.6700000000        0.5816448525        0.5739419131        1.3971681539        1.3979296746        0.8601001359        0.8605160998
        3.6800000000        0.5794559327        0.5702939983        1.3845857788        1.3742844491        0.8525968748        0.8515234478
        3.6900000000        0.5711156434        0.5748844454        1.3674100269        1.3605441543        0.8446163165        0.8435726857
        3.7000000000        0.5669790715        0.5742230189        1.3465176304        1.3497763329        0.8356387577        0.8359830863
        3.7100000000        0.5654602088        0.5696211736        1.3277233018        1.3373884765        0.8266593517        0.8280203274
        3.7200000000        0.5606077029        0.5696436609        1.3152121213        1.3233060368        0.8196414145        0.8208976779
        3.7300000000        0.5544062406        0.5705418911        1.3181982995        1.2948663235        0.8155888618        0.8120358072
        3.7400000000        0.5584590738        0.5619710667        1.2937779313        1.2952625095        0.8072822527        0.8075610770
        3.7500000000        0.5583224627        0.5580098589        1.2824949982        1.2851762546        0.8020720262        0.8025031317
        3.7600000000        0.5556587223        0.5555059565        1.2726112090        1.2733580999        0.7965385984        0.7966560931
        3.7700000000        0.5530013642        0.5530013433        1.2618311124        1.2618311124        0.7899236163        0.7899236163
        3.7800000000        0.5501858790        0.5501858715        1.2505921257        1.2505921257        0.7832249047        0.7832249047
        3.7900000000        0.5477970529        0.5477970562        1.2418524519        1.2418524519        0.7789623178        0.7789623178
        3.8000000000        0.5454244211        0.5454244238        1.2332482744        1.2332482744        0.7746516805        0.7746516805
        3.8100000000        0.5432095267        0.5432095237        1.2236167971        1.2236167971        0.7688847646        0.7688847646
        3.8200000000        0.5406329418        0.5406329413        1.2155940216        1.2155940216        0.7645893321        0.7645893321
        3.8300000000        0.5381256206        0.5381256219        1.2071271874        1.2071271874        0.7598339207        0.7598339207
        3.8400000000        0.5355091364        0.5355091772        1.1981801345        1.1981801345        0.7544199250        0.7544199250
        3.8500000000        0.5329863232        0.5329863807        1.1918209543        1.1918209543        0.7513621589        0.7513621589
        3.8600000000        0.5303530938        0.5303531358        1.1820027470        1.1820027470        0.7451384088        0.7451384088
        3.8700000000        0.5285618294        0.5285617637        1.1779946220        1.1779946220        0.7441465463        0.7441465463
        3.8800000000        0.5259959316        0.5259958977        1.1697774181        1.1697774181        0.7388624707        0.7388624707
        3.8900000000        0.5227441977        0.5227441348        1.1593567072        1.1593567072        0.7319469821        0.7319469821
        3.9000000000        0.5202921961        0.5202923020        1.1579921231        1.1579921231        0.7329585473        0.7329585473
        3.9100000000        0.5160031711        0.5160032649        1.0581299908        1.0581299908        0.6444841113        0.6444841113
        3.9200000000        0.5111776334        0.5111775132        1.0101593916        1.0101593916        0.6033133924        0.6033133924
        3.9300000000        0.5057754149        0.5057753617        0.9706182130        0.9706182130        0.5688042981        0.5688042981
        3.9400000000        0.5012133078        0.5012132250        0.9377972384        0.9377972384        0.5391946596        0.5391946596
        3.9500000000        0.4957287905        0.4957288113        0.9077374770        0.9077374770        0.5131495929        0.5131495929
        3.9600000000        0.4905151168        0.4905150927        0.8800193498        0.8800193498        0.4885388362        0.4885388362
        3.9700000000        0.4853455272        0.4853455240        0.8540948744        0.8540948744        0.4647988736        0.4647988736
        3.9800000000        0.4787357641        0.4787358657        0.8279801015        0.8279801015        0.4417715352        0.4417715352
        3.9900000000        0.4733848952        0.4733849717        0.8035742518        0.8035742518        0.4182375189        0.4182375189
        4.0000000000        0.4675563130        0.4675562634        0.7806157727        0.7806157727        0.3970894484        0.3970894484
        4.0100000000        0.4612150957        0.4612150261        0.7559148173        0.7559148173        0.3730425238        0.3730425238
        4.0200000000        0.4556302023        0.4556301470        0.7317584121        0.7317584121        0.3481214384        0.3481214384
        4.0300000000        0.4515184872        0.4515189986        0.7107907438        0.7107907438        0.3252870449        0.3252870449
        4.0400000000        0.4477209242        0.4477205825        0.7054555183        0.7054555183        0.3236887502        0.3236887502
        4.0500000000        0.4302501934        0.4302501938        0.6695083911        0.6695083911        0.2955387237        0.2955387237
        4.0600000000        0.4187681216        0.4187681104        0.6437639689        0.6437639689        0.2736090629        0.2736090629
        4.0700000000        0.4088658765        0.4088658759        0.6193524803        0.6193524803        0.2498748142        0.2498748142
        4.0800000000        0.3965091857        0.3965091909        0.5917161942        0.5917161942        0.2256296919        0.2256296919
        4.0900000000        0.3854782180        0.3854782241        0.5645203466        0.5645203466        0.1978078014        0.1978078014
        4.1000000000        0.3756792413        0.3756792395        0.5379716710        0.5379716710        0.1666909595        0.1666909595
        4.1100000000        0.3557040799        0.3557040688        0.4990060450        0.4990060450        0.1375107778        0.1375107778
        4.1200000000        0.2745722553        0.2745722738        0.3680782011        0.3680782011        0.0752545311        0.0752545311
        4.1300000000        0.1926733796        0.1926733796        0.2345113158        0.2345113158        0.0040741293        0.0040741293
        4.1400000000        0.1449721557        0.1449721557        0.1745609376        0.1745609376        0.0021313333        0.0021313333
        4.1500000000        0.0935583631        0.0935583631        0.1116963522        0.1116963522        0.0008877923        0.0008877923
        4.1600000000        0.0000000000        0.0000000000        0.0000000000        0.0000000000        0.0000000000        0.0000000000
        4.1700000000        0.0000000000        0.0000000000        0.0000000000        0.0000000000        0.0000000000        0.0000000000
        4.1800000000        0.0000000000        0.0000000000        0.0000000000        0.0000000000        0.0000000000        0.0000000000
        4.1900000000        0.0000000000        0.0000000000        0.0000000000        0.0000000000        0.0000000000        0.0000000000
        4.2000000000        0.0000000000        0.0000000000        0.0000000000        0.0000000000        0.0000000000        0.0000000000
        4.2100000000        0.0000000000        0.0000000000        0.0000000000        0.0000000000        0.0000000000        0.0000000000
        4.2200000000        0.0000000000        0.0000000000        0.0000000000        0.0000000000        0.0000000000        0.0000000000
        4.2300000000        0.0000000000        0.0000000000        0.0000000000        0.0000000000        0.0000000000        0.0000000000
        4.2400000000        0.0000000000        0.0000000000        0.0000000000        0.0000000000        0.0000000000        0.0000000000
        4.2500000000        0.0000000000        0.0000000000        0.0000000000        0.0000000000        0.0000000000        0.0000000000
        4.2600000000        0.0000000000        0.0000000000        0.0000000000        0.0000000000        0.0000000000        0.0000000000
        4.2700000000        0.0000000000        0.0000000000        0.0000000000        0.0000000000        0.0000000000        0.0000000000
        4.2800000000        0.0000000000        0.0000000000        0.0000000000        0.0000000000        0.0000000000        0.0000000000
        4.2900000000        0.0000000000        0.0000000000        0.0000000000        0.0000000000        0.0000000000        0.0000000000
        4.3000000000        0.0000000000        0.0000000000        0.0000000000        0.0000000000        0.0000000000        0.0000000000
        4.3100000000        0.0000000000        0.0000000000        0.0000000000        0.0000000000        0.0000000000        0.0000000000
        4.3200000000        0.0000000000        0.0000000000        0.0000000000        0.0000000000        0.0000000000        0.0000000000
        4.3300000000        0.0000000000        0.0000000000        0.0000000000        0.0000000000        0.0000000000        0.0000000000
        4.3400000000        0.0000000000        0.0000000000        0.0000000000        0.0000000000        0.0000000000        0.0000000000
        4.3500000000        0.0000000000        0.0000000000        0.0000000000        0.0000000000        0.0000000000        0.0000000000
        4.3600000000        0.0000000000        0.0000000000        0.0000000000        0.0000000000        0.0000000000        0.0000000000
        4.3700000000        0.0000000000        0.0000000000        0.0000000000        0.0000000000        0.0000000000        0.0000000000
        4.3800000000        0.0000000000        0.0000000000        0.0000000000        0.0000000000        0.0000000000        0.0000000000
        4.3900000000        0.0000000000        0.0000000000        0.0000000000        0.0000000000        0.0000000000        0.0000000000
        4.4000000000        0.0000000000        0.0000000000        0.0000000000        0.0000000000        0.0000000000        0.0000000000
        4.4100000000        0.0000000000        0.0000000000        0.0000000000        0.0000000000        0.0000000000        0.0000000000
        4.4200000000        0.0000000000        0.0000000000        0.0000000000        0.0000000000        0.0000000000        0.0000000000
        4.4300000000        0.0000000000        0.0000000000        0.0000000000        0.0000000000        0.0000000000        0.0000000000
        4.4400000000        0.0000000000        0.0000000000        0.0000000000        0.0000000000        0.0000000000        0.0000000000
        4.4500000000        0.0000000000        0.0000000000        0.0000000000        0.0000000000        0.0000000000        0.0000000000
        4.4600000000        0.0000000000        0.0000000000        0.0000000000        0.0000000000        0.0000000000        0.0000000000
        4.4700000000        0.0000000000        0.0000000000        0.0000000000        0.0000000000        0.0000000000        0.0000000000
        4.4800000000        0.0000000000        0.0000000000        0.0000000000        0.0000000000        0.0000000000        0.0000000000
        4.4900000000        0.0000000000        0.0000000000        0.0000000000        0.0000000000        0.0000000000        0.0000000000
        4.5000000000        0.0000000000        0.0000000000        0.0000000000        0.0000000000        0.0000000000        0.0000000000
        4.5100000000        0.0000000000        0.0000000000        0.0000000000        0.0000000000        0.0000000000        0.0000000000
        4.5200000000        0.0000000000        0.0000000000        0.0000000000        0.0000000000        0.0000000000        0.0000000000
        4.5300000000        0.0000000000        0.0000000000        0.0000000000        0.0000000000        0.0000000000        0.0000000000
        4.5400000000        0.0000000000        0.0000000000        0.0000000000        0.0000000000        0.0000000000        0.0000000000
        4.5500000000        0.0000000000        0.0000000000        0.0000000000        0.0000000000        0.0000000000        0.0000000000
        4.5600000000        0.0000000000        0.0000000000        0.0000000000        0.0000000000        0.0000000000        0.0000000000
        4.5700000000        0.0000000000        0.0000000000        0.0000000000        0.0000000000        0.0000000000        0.0000000000
        4.5800000000        0.0000000000        0.0000000000        0.0000000000        0.0000000000        0.0000000000        0.0000000000
        4.5900000000        0.0000000000        0.0000000000        0.0000000000        0.0000000000        0.0000000000        0.0000000000
        4.6000000000        0.0000000000        0.0000000000        0.0000000000        0.0000000000        0.0000000000        0.0000000000
        4.6100000000        0.0000000000        0.0000000000        0.0000000000        0.0000000000        0.0000000000        0.0000000000
        4.6200000000        0.0000000000        0.0000000000        0.0000000000        0.0000000000        0.0000000000        0.0000000000
        4.6300000000        0.0000000000        0.0000000000        0.0000000000        0.0000000000        0.0000000000        0.0000000000
        4.6400000000        0.0000000000        0.0000000000        0.0000000000        0.0000000000        0.0000000000        0.0000000000
        4.6500000000        0.0000000000        0.0000000000        0.0000000000        0.0000000000        0.0000000000        0.0000000000
        4.6600000000        0.0000000000        0.0000000000        0.0000000000        0.0000000000        0.0000000000        0.0000000000
        4.6700000000        0.0000000000        0.0000000000        0.0000000000        0.0000000000        0.0000000000        0.0000000000
        4.6800000000        0.0000000000        0.0000000000        0.0000000000        0.0000000000        0.0000000000        0.0000000000
        4.6900000000        0.0000000000        0.0000000000        0.0000000000        0.0000000000        0.0000000000        0.0000000000
        4.7000000000        0.0000000000        0.0000000000        0.0000000000        0.0000000000        0.0000000000        0.0000000000
        4.7100000000        0.0000000000        0.0000000000        0.0000000000        0.0000000000        0.0000000000        0.0000000000
        4.7200000000        0.0000000000        0.0000000000        0.0000000000        0.0000000000        0.0000000000        0.0000000000
        4.7300000000        0.0000000000        0.0000000000        0.0000000000        0.0000000000        0.0000000000        0.0000000000
        4.7400000000        0.0000000000        0.0000000000        0.0000000000        0.0000000000        0.0000000000        0.0000000000
        4.7500000000        0.0000000000        0.0000000000        0.0000000000        0.0000000000        0.0000000000        0.0000000000
        4.7600000000        0.0000000000        0.0000000000        0.0000000000        0.0000000000        0.0000000000        0.0000000000
        4.7700000000        0.0000000000        0.0000000000        0.0000000000        0.0000000000        0.0000000000        0.0000000000
        4.7800000000        0.0000000000        0.0000000000        0.0000000000        0.0000000000        0.0000000000        0.0000000000
        4.7900000000        0.0000000000        0.0000000000        0.0000000000        0.0000000000        0.0000000000        0.0000000000
        4.8000000000        0.0000000000        0.0000000000        0.0000000000        0.0000000000        0.0000000000        0.0000000000
        4.8100000000        0.0000000000        0.0000000000        0.0000000000        0.0000000000        0.0000000000        0.0000000000
        4.8200000000        0.0000000000        0.0000000000        0.0000000000        0.0000000000        0.0000000000        0.0000000000
        4.8300000000        0.0000000000        0.0000000000        0.0000000000        0.0000000000        0.0000000000        0.0000000000
        4.8400000000        0.0000000000        0.0000000000        0.0000000000        0.0000000000        0.0000000000        0.0000000000
        4.8500000000        0.0000000000        0.0000000000        0.0000000000        0.0000000000        0.0000000000        0.0000000000
        4.8600000000        0.0000000000        0.0000000000        0.0000000000        0.0000000000        0.0000000000        0.0000000000
        4.8700000000        0.0000000000        0.0000000000        0.0000000000        0.0000000000        0.0000000000        0.0000000000
        4.8800000000        0.0000000000        0.0000000000        0.0000000000        0.0000000000        0.0000000000        0.0000000000
        4.8900000000        0.0000000000        0.0000000000        0.0000000000        0.0000000000        0.0000000000        0.0000000000
        4.9000000000        0.0000000000        0.0000000000        0.0000000000        0.0000000000        0.0000000000        0.0000000000
        4.9100000000        0.0000000000        0.0000000000        0.0000000000        0.0000000000        0.0000000000        0.0000000000
        4.9200000000        0.0000000000        0.0000000000        0.0000000000        0.0000000000        0.0000000000        0.0000000000
        4.9300000000        0.0000000000        0.0000000000        0.0000000000        0.0000000000        0.0000000000        0.0000000000
        4.9400000000        0.0000000000        0.0000000000        0.0000000000        0.0000000000        0.0000000000        0.0000000000
        4.9500000000        0.0000000000        0.0000000000        0.0000000000        0.0000000000        0.0000000000        0.0000000000
        4.9600000000        0.0000000000        0.0000000000        0.0000000000        0.0000000000        0.0000000000        0.0000000000
        4.9700000000        0.0000000000        0.0000000000        0.0000000000        0.0000000000        0.0000000000        0.0000000000
        4.9800000000        0.0000000000        0.0000000000        0.0000000000        0.0000000000        0.0000000000        0.0000000000
        4.9900000000        0.0000000000        0.0000000000        0.0000000000        0.0000000000        0.0000000000        0.0000000000
        5.0000000000        0.0000000000        0.0000000000        0.0000000000        0.0000000000        0.0000000000        0.0000000000
